270.5199999999977
1012.0
676.0499999999995
311.4899999999989
57.15999999999826
1024.0
1024.0
1024.0
1024.0
1024.0
1024.0
1024.0
1024.0
1024.0
1024.0
1024.0
1024.0
1024.0
1024.0
1024.0
1024.0
1024.0
1024.0
1024.0
1024.0
53.369999999997844
3.39999999999759
587.9199999999998
81.99999999999761
474.27999999999963
1024.0
846.09
1023.4
1024.0
1024.0
1024.0
1024.0
1024.0
1024.0
1024.0
1024.0
1024.0
1024.0
1024.0
1024.0
1024.0
1024.0
1024.0
1024.0
1024.0
651.5700000000002
1024.0
1024.0
1024.0
1024.0
1007.68
1024.0
1024.0
1024.0
1024.0
1024.0
1024.0
1024.0
1024.0
1024.0
1024.0
1024.0
1024.0
1024.0
1024.0
1024.0
1024.0
1024.0
1024.0
1024.0
1024.0
1024.0
1024.0
1024.0
1012.0
1024.0
1024.0
1024.0
1024.0
1024.0
1024.0
1024.0
1024.0
1024.0
1024.0
1024.0
1024.0
1024.0
1024.0
1024.0
1024.0
1024.0
1024.0
1024.0
1024.0
963.9999999999999
869.0799999999999
536.02
808.6
266.3499999999989
1022.8
1023.4
1024.0
1024.0
1024.0
1024.0
1024.0
1024.0
1024.0
1024.0
1024.0
1024.0
1024.0
1024.0
1024.0
1024.0
1024.0
1024.0
1024.0
1024.0
664.1499999999994
5.009999999997262
190.17999999999847
310.47999999999865
15.51999999999714
1024.0
865.63
1024.0
1023.4
973.2399999999999
1024.0
1024.0
1024.0
1024.0
1024.0
1024.0
1024.0
1024.0
1024.0
1024.0
1024.0
1024.0
1024.0
1024.0
1024.0
963.9999999999999
437.4399999999996
11.91999999999689
599.8499999999998
428.7299999999997
1024.0
1024.0
795.5200000000001
1023.4
1024.0
1024.0
1024.0
1024.0
1024.0
1024.0
1024.0
1024.0
1024.0
1024.0
1024.0
1024.0
1024.0
1024.0
1024.0
1024.0
1.409999999997126
0.39999999999736247
502.12
457.3599999999999
20.729999999997176
731.2500000000002
792.52
1024.0
1023.4
975.04
1024.0
1024.0
1024.0
1024.0
1024.0
1024.0
1024.0
1024.0
1024.0
1024.0
1024.0
1024.0
1024.0
1024.0
1024.0
507.5200000000002
20.319999999997776
0.39999999999747615
870.8799999999999
335.19999999999936
1024.0
942.4
826.96
1022.8
1023.4
1024.0
1024.0
1024.0
1024.0
1024.0
1024.0
1024.0
1024.0
1024.0
1024.0
1024.0
1024.0
1024.0
1024.0
1024.0
0.39999999999736247
553.8900000000001
0.39999999999736247
34.23999999999751
664.1200000000005
778.6000000000001
1024.0
958.12
843.2800000000001
1023.4
1024.0
1024.0
1024.0
1024.0
1024.0
1024.0
1024.0
1024.0
1024.0
1024.0
1024.0
1024.0
1024.0
1024.0
1024.0
