2036.0
2036.0
1762.0900000000001
1825.0400000000002
2048.0
2048.0
2048.0
2048.0
2048.0
2048.0
2048.0
2048.0
2048.0
2048.0
2048.0
2048.0
2048.0
2048.0
2048.0
2048.0
2048.0
2048.0
2048.0
2048.0
2048.0
2048.0
2048.0
2048.0
2048.0
2048.0
2048.0
2048.0
2048.0
2048.0
2048.0
2048.0
2048.0
2048.0
2048.0
2048.0
2048.0
2048.0
2048.0
2048.0
2048.0
2048.0
2048.0
2048.0
2048.0
2048.0
2048.0
2048.0
2048.0
2048.0
2048.0
2048.0
2048.0
2048.0
2048.0
2048.0
2048.0
2048.0
2048.0
2048.0
2048.0
2048.0
2048.0
2048.0
2048.0
2048.0
2048.0
2048.0
2048.0
2048.0
2048.0
2048.0
2048.0
2048.0
2048.0
2036.0
2048.0
2048.0
2048.0
2048.0
2048.0
2048.0
2048.0
2048.0
2048.0
2048.0
2048.0
2048.0
2048.0
2048.0
2048.0
2048.0
2048.0
2048.0
2048.0
2048.0
1990.3999999999999
1957.7600000000002
1628.6800000000003
1627.67
1507.31
2048.0
2048.0
2048.0
2048.0
2048.0
2048.0
2048.0
2048.0
2048.0
2048.0
2048.0
2048.0
2048.0
2048.0
2048.0
2048.0
2048.0
2048.0
2048.0
2048.0
1744.5700000000004
1638.540000000001
1858.8800000000003
1770.4900000000002
1789.2100000000003
2048.0
2048.0
2048.0
2048.0
2048.0
2048.0
2048.0
2048.0
2048.0
2048.0
2048.0
2048.0
2048.0
2048.0
2048.0
2048.0
2048.0
2048.0
2048.0
2048.0
1712.4100000000028
1886.7200000000005
1911.44
1910.8400000000004
1996.0400000000002
2048.0
2048.0
2048.0
2048.0
2048.0
2048.0
2048.0
2048.0
2048.0
2048.0
2048.0
2048.0
2048.0
2048.0
2048.0
2048.0
2048.0
2048.0
2048.0
2048.0
1908.44
1980.32
1844.36
1946.4800000000002
1845.5600000000002
2048.0
2048.0
2048.0
2048.0
2048.0
2048.0
2048.0
2048.0
2048.0
2048.0
2048.0
2048.0
2048.0
2048.0
2048.0
2048.0
2048.0
2048.0
2048.0
2048.0
2048.0
2048.0
2048.0
2048.0
2048.0
2048.0
2048.0
2048.0
2048.0
2048.0
2048.0
2048.0
2048.0
2048.0
2048.0
2048.0
2048.0
2048.0
2048.0
2048.0
2048.0
2048.0
2048.0
2048.0
2048.0
2048.0
2048.0
2048.0
2048.0
2048.0
2048.0
2048.0
2048.0
2048.0
2048.0
2048.0
2048.0
2048.0
2048.0
2048.0
2048.0
2048.0
2048.0
2048.0
2048.0
2048.0
2048.0
2048.0
2048.0
2048.0
