447.63999999999874
1012.6
59.649999999998954
136.3899999999985
287.65999999999906
1021.6
1023.4
1022.2
1007.08
1022.8
1024.0
1024.0
1024.0
1024.0
1024.0
1024.0
1024.0
1024.0
1024.0
1024.0
1024.0
1024.0
1024.0
1024.0
1024.0
34.23999999999751
793.5100000000002
691.5799999999997
1.5999999999976353
386.6799999999988
777.4000000000001
1021.6
1022.8
973.24
1023.4
1024.0
1024.0
1024.0
1024.0
1024.0
1024.0
1024.0
1024.0
1024.0
1024.0
1024.0
1024.0
1024.0
1024.0
1024.0
430.1199999999992
1024.0
1024.0
1024.0
1024.0
1022.2
1024.0
1024.0
1024.0
1024.0
1024.0
1024.0
1024.0
1024.0
1024.0
1024.0
1024.0
1024.0
1024.0
1024.0
1024.0
1024.0
1024.0
1024.0
1024.0
1024.0
1024.0
1024.0
1024.0
1012.0
1024.0
1024.0
1024.0
1024.0
1024.0
1024.0
1024.0
1024.0
1024.0
1024.0
1024.0
1024.0
1024.0
1024.0
1024.0
1024.0
1024.0
1024.0
1024.0
1024.0
12.51999999999964
775.1999999999998
964.5999999999999
756.6399999999967
10.719999999996162
1024.0
1022.8
1023.4
1022.8
412.71000000000004
1024.0
1024.0
1024.0
1024.0
1024.0
1024.0
1024.0
1024.0
1024.0
1024.0
1024.0
1024.0
1024.0
1024.0
1024.0
16.939999999996758
0.20999999999673946
0.20999999999696684
25.779999999998267
964.5999999999999
660.5699999999999
632.3499999999997
665.1800000000001
747.5700000000002
1023.4
1024.0
1024.0
1024.0
1024.0
1024.0
1024.0
1024.0
1024.0
1024.0
1024.0
1024.0
1024.0
1024.0
1024.0
1024.0
963.9999999999999
963.3999999999999
238.02999999999963
583.9999999999999
89.85999999999899
1023.4
1024.0
1023.4
1022.2
1020.4
1024.0
1024.0
1024.0
1024.0
1024.0
1024.0
1024.0
1024.0
1024.0
1024.0
1024.0
1024.0
1024.0
1024.0
1024.0
0.20999999999685315
0.01999999999679858
16.939999999996985
17.34999999999718
16.7199999999973
724.84
695.8000000000001
552.14
632.32
761.08
1024.0
1024.0
1024.0
1024.0
1024.0
1024.0
1024.0
1024.0
1024.0
1024.0
1024.0
1024.0
1024.0
1024.0
1024.0
0.0199999999974807
0.39999999999736247
2.199999999997658
965.1999999999999
898.72
680.6800000000001
794.9200000000001
1007.68
1022.8
1023.4
1024.0
1024.0
1024.0
1024.0
1024.0
1024.0
1024.0
1024.0
1024.0
1024.0
1024.0
1024.0
1024.0
1024.0
1024.0
850.36
446.36999999999966
643.0
17.919999999997458
34.23999999999751
1021.6
1021.0
1022.8
794.9200000000001
779.2
1024.0
1024.0
1024.0
1024.0
1024.0
1024.0
1024.0
1024.0
1024.0
1024.0
1024.0
1024.0
1024.0
1024.0
1024.0
