723.2800000000001
1012.0
315.71999999999946
587.3199999999998
6.209999999997422
1023.4
1024.0
1023.4
1023.4
942.4
1024.0
1024.0
1024.0
1024.0
1024.0
1024.0
1024.0
1024.0
1024.0
1024.0
1024.0
1024.0
1024.0
1024.0
1024.0
358.8399999999997
78.8099999999979
743.3199999999999
114.63999999999817
363.0399999999994
1024.0
1024.0
1024.0
1024.0
1024.0
1024.0
1024.0
1024.0
1024.0
1024.0
1024.0
1024.0
1024.0
1024.0
1024.0
1024.0
1024.0
1024.0
1024.0
1024.0
705.1600000000001
1024.0
1024.0
1024.0
1024.0
1023.4
1024.0
1024.0
1024.0
1024.0
1024.0
1024.0
1024.0
1024.0
1024.0
1024.0
1024.0
1024.0
1024.0
1024.0
1024.0
1024.0
1024.0
1024.0
1024.0
1024.0
1024.0
1024.0
1024.0
1012.0
1024.0
1024.0
1024.0
1024.0
1024.0
1024.0
1024.0
1024.0
1024.0
1024.0
1024.0
1024.0
1024.0
1024.0
1024.0
1024.0
1024.0
1024.0
1024.0
1024.0
885.2099999999999
377.39999999999975
964.5999999999999
144.2799999999978
615.1899999999999
1023.4
1023.4
1024.0
1023.4
1024.0
1024.0
1024.0
1024.0
1024.0
1024.0
1024.0
1024.0
1024.0
1024.0
1024.0
1024.0
1024.0
1024.0
1024.0
1024.0
647.6100000000004
321.99999999999875
11.319999999996867
31.239999999997394
872.0799999999999
1023.4
1024.0
811.84
975.04
1022.8
1024.0
1024.0
1024.0
1024.0
1024.0
1024.0
1024.0
1024.0
1024.0
1024.0
1024.0
1024.0
1024.0
1024.0
1024.0
0.2099999999971942
381.1599999999995
743.3199999999999
430.7199999999997
0.3999999999969077
715.3400000000001
1023.4
1024.0
1024.0
857.8000000000001
1024.0
1024.0
1024.0
1024.0
1024.0
1024.0
1024.0
1024.0
1024.0
1024.0
1024.0
1024.0
1024.0
1024.0
1024.0
277.8399999999989
318.90999999999894
9.019999999997935
2.4199999999972306
231.27999999999884
1024.0
1024.0
975.04
713.9200000000002
1024.0
1024.0
1024.0
1024.0
1024.0
1024.0
1024.0
1024.0
1024.0
1024.0
1024.0
1024.0
1024.0
1024.0
1024.0
1024.0
492.9999999999999
129.15999999999826
60.59999999999809
331.5999999999989
265.52999999999884
1024.0
1007.68
1024.0
1024.0
1023.4
1024.0
1024.0
1024.0
1024.0
1024.0
1024.0
1024.0
1024.0
1024.0
1024.0
1024.0
1024.0
1024.0
1024.0
1024.0
313.479999999999
295.95999999999924
1.5999999999975216
68.07999999999765
234.089999999999
1024.0
1024.0
1007.68
811.0500000000001
1024.0
1024.0
1024.0
1024.0
1024.0
1024.0
1024.0
1024.0
1024.0
1024.0
1024.0
1024.0
1024.0
1024.0
1024.0
1024.0
