1013.1999999999996
1012.5999999999996
885.0399999999993
902.5599999999994
1024.0
1024.0
1024.0
1024.0
1024.0
1012.5999999999996
756.4999999999991
1013.1999999999996
820.9599999999991
1011.3999999999995
553.779999999999
787.119999999999
787.119999999999
1011.9999999999995
903.7599999999994
1011.9999999999995
787.719999999999
851.1999999999991
678.7199999999991
597.1199999999986
853.5999999999992
886.2399999999993
836.4899999999994
851.7999999999992
871.7199999999993
730.9599999999986
885.6399999999993
805.0499999999992
819.1599999999991
853.5999999999992
639.4499999999981
786.329999999999
764.1999999999987
251.79999999999745
712.2399999999984
590.799999999998
836.6799999999992
597.9999999999981
802.239999999999
390.1599999999975
845.7999999999989
786.519999999999
905.5599999999995
1024.0
1024.0
1024.0
1024.0
1024.0
1024.0
1024.0
1024.0
1024.0
1024.0
1024.0
1024.0
1024.0
1024.0
1024.0
1024.0
1024.0
1024.0
1024.0
1024.0
1024.0
1024.0
1024.0
1024.0
1024.0
1024.0
1024.0
1024.0
1024.0
1024.0
1024.0
1024.0
1024.0
1024.0
1024.0
1024.0
1024.0
1024.0
1024.0
1024.0
1024.0
1024.0
1024.0
1024.0
1024.0
1024.0
1024.0
1024.0
1024.0
1024.0
1024.0
1024.0
1013.1999999999996
1011.9999999999995
1012.5999999999996
1012.5999999999996
1012.5999999999996
1012.5999999999996
1011.9999999999995
1013.7999999999996
1012.5999999999996
867.5199999999992
1013.7999999999996
1013.1999999999996
1012.5999999999996
1012.5999999999996
1011.3999999999995
1013.1999999999996
1013.1999999999996
1012.5999999999996
996.2799999999995
1012.5999999999996
834.6899999999991
602.5499999999993
981.1599999999995
652.9599999999984
635.8499999999984
661.389999999999
820.9599999999991
784.7199999999989
852.3999999999992
802.839999999999
801.0399999999989
740.969999999999
853.5999999999992
1014.3999999999996
1013.7999999999996
1013.1999999999996
1012.5999999999996
1012.5999999999996
1012.5999999999996
916.8899999999994
1013.1999999999996
1012.5999999999996
1012.5999999999996
1012.5999999999996
1013.1999999999996
850.2199999999992
1011.9999999999995
678.9099999999991
837.8799999999992
785.3199999999989
854.1999999999992
743.1799999999992
787.119999999999
852.9999999999992
661.389999999999
819.7599999999991
563.559999999998
820.9599999999991
787.119999999999
802.839999999999
802.839999999999
837.8799999999992
837.8799999999992
804.039999999999
854.1999999999992
786.519999999999
786.519999999999
836.0799999999991
819.7599999999991
820.9599999999991
273.0899999999991
1012.5999999999996
1013.1999999999996
1012.5999999999996
1016.1999999999997
1011.9999999999995
980.5599999999995
1011.9999999999995
1012.5999999999996
1012.5999999999996
1014.3999999999996
1010.7999999999995
1012.5999999999996
901.5799999999995
397.0199999999992
851.1999999999991
538.6599999999991
867.5199999999992
869.9199999999993
866.3199999999991
787.119999999999
726.2599999999991
743.1799999999992
888.6399999999994
853.8199999999994
1011.9999999999995
1010.7999999999995
1011.9999999999995
963.0399999999994
915.0899999999993
1013.7999999999996
413.6199999999987
963.0399999999994
1011.9999999999995
914.4899999999993
868.7199999999992
852.3999999999992
616.6599999999992
902.5599999999994
852.9999999999992
854.7999999999993
820.9599999999991
804.039999999999
871.7199999999993
408.2799999999976
997.4799999999996
980.5599999999995
852.9999999999992
558.7599999999978
869.9199999999993
446.57999999999925
644.279999999999
852.9999999999992
744.7899999999993
866.9199999999992
838.2899999999993
851.1999999999991
836.0799999999991
901.3599999999993
901.9599999999994
819.1599999999991
901.3599999999993
371.8899999999979
835.8899999999992
787.119999999999
852.9999999999992
919.4799999999994
967.8399999999996
869.3199999999993
936.3999999999995
870.5199999999993
837.6899999999993
768.3999999999988
966.6399999999995
953.3199999999996
920.0799999999995
869.3199999999993
869.3199999999993
633.7699999999992
869.3199999999993
869.3199999999993
