168.39999999999748
1012.0
455.21000000000015
29.349999999998317
56.17999999999836
1023.4
1024.0
1024.0
881.35
1022.8
1024.0
1024.0
1024.0
1024.0
1024.0
1024.0
1024.0
1024.0
1024.0
1024.0
1024.0
1024.0
1024.0
1024.0
1024.0
130.76999999999816
145.47999999999809
408.3999999999993
389.07999999999913
358.8399999999989
1022.8
1023.4
1022.8
1024.0
1022.2
1024.0
1024.0
1024.0
1024.0
1024.0
1024.0
1024.0
1024.0
1024.0
1024.0
1024.0
1024.0
1024.0
1024.0
1024.0
85.59999999999786
872.32
1024.0
1024.0
1024.0
1024.0
1024.0
1024.0
1024.0
1024.0
1024.0
1024.0
1024.0
1024.0
1024.0
1024.0
1024.0
1024.0
1024.0
1024.0
1024.0
1024.0
1024.0
1024.0
1024.0
1024.0
1024.0
1024.0
1024.0
1012.0
1024.0
1024.0
1024.0
1024.0
1024.0
1024.0
1024.0
1024.0
1024.0
1024.0
1024.0
1024.0
1024.0
1024.0
1024.0
1024.0
1024.0
1024.0
1024.0
1024.0
964.5999999999999
936.16
965.1999999999999
458.62
195.44999999999868
1024.0
1023.4
1022.8
1024.0
1024.0
1024.0
1024.0
1024.0
1024.0
1024.0
1024.0
1024.0
1024.0
1024.0
1024.0
1024.0
1024.0
1024.0
1024.0
1024.0
964.5999999999999
0.20999999999742158
522.2900000000006
187.9399999999988
12.519999999996799
1023.4
859.0000000000001
1024.0
1024.0
761.6800000000003
1024.0
1024.0
1024.0
1024.0
1024.0
1024.0
1024.0
1024.0
1024.0
1024.0
1024.0
1024.0
1024.0
1024.0
1024.0
698.5900000000004
838.24
0.4299999999971078
2.0099999999976035
293.55999999999904
1022.8
1022.8
663.1600000000003
688.7299999999998
1023.4
1024.0
1024.0
1024.0
1024.0
1024.0
1024.0
1024.0
1024.0
1024.0
1024.0
1024.0
1024.0
1024.0
1024.0
1024.0
0.42999999999767624
696.5700000000003
772.9599999999994
0.39999999999747615
0.39999999999736247
683.9000000000005
1022.2
1023.4
727.05
825.16
1024.0
1024.0
1024.0
1024.0
1024.0
1024.0
1024.0
1024.0
1024.0
1024.0
1024.0
1024.0
1024.0
1024.0
1024.0
505.17999999999995
146.07999999999856
0.39999999999736247
248.00999999999874
646.6000000000001
1024.0
1024.0
776.2
1022.8
1023.4
1024.0
1024.0
1024.0
1024.0
1024.0
1024.0
1024.0
1024.0
1024.0
1024.0
1024.0
1024.0
1024.0
1024.0
1024.0
0.39999999999736247
326.7999999999985
47.559999999997785
0.39999999999736247
633.8800000000003
859.6
1024.0
974.44
778.6000000000001
1023.4
1024.0
1024.0
1024.0
1024.0
1024.0
1024.0
1024.0
1024.0
1024.0
1024.0
1024.0
1024.0
1024.0
1024.0
1024.0
