1.2199999999969577
14.519999999997935
1.079999999998563
713.9200000000001
1024.0
879.55
1024.0
1024.0
1024.0
1024.0
1024.0
1024.0
1024.0
1024.0
1024.0
1024.0
1024.0
1024.0
1024.0
1024.0
1024.0
1024.0
1024.0
1024.0
1024.0
0.27999999999531155
1.8399999999965075
2.969999999998322
435.8799999999999
1024.0
1019.2
1024.0
1024.0
1024.0
1024.0
1024.0
1024.0
1024.0
1024.0
1024.0
1024.0
1024.0
1024.0
1024.0
1024.0
1024.0
1024.0
1024.0
1024.0
1024.0
3.9999999999977263
954.52
1023.4
1024.0
1024.0
1024.0
1024.0
1024.0
1024.0
1024.0
1024.0
1024.0
1024.0
1024.0
1024.0
1024.0
1024.0
1024.0
1024.0
1024.0
1024.0
1024.0
1024.0
1024.0
1024.0
1012.6
1023.4
1024.0
1024.0
1024.0
1024.0
1024.0
1024.0
1024.0
1024.0
1024.0
1024.0
1024.0
1024.0
1024.0
1024.0
1024.0
1024.0
1024.0
1024.0
1024.0
1024.0
1024.0
1024.0
1024.0
4.119999999999095
478.2299999999991
1005.28
1024.0
1024.0
1022.2
1024.0
1024.0
1024.0
1024.0
1024.0
1024.0
1024.0
1024.0
1024.0
1024.0
1024.0
1024.0
1024.0
1024.0
1024.0
1024.0
1024.0
1024.0
1024.0
1.959999999994352
2.6799999999975626
12.789999999998486
689.3300000000002
1024.0
596.0799999999999
1024.0
1024.0
1024.0
1024.0
1024.0
1024.0
1024.0
1024.0
1024.0
1024.0
1024.0
1024.0
1024.0
1024.0
1024.0
1024.0
1024.0
1024.0
1024.0
1.7699999999953206
0.9099999999972397
11.179999999998245
829.77
1024.0
420.7900000000002
929.3
1024.0
1024.0
1024.0
1024.0
1024.0
1024.0
1024.0
1024.0
1024.0
1024.0
1024.0
1024.0
1024.0
1024.0
1024.0
1024.0
1024.0
1024.0
0.32999999999458396
9.929999999997676
8.969999999998663
467.1299999999999
1024.0
235.45999999999913
976.65
1024.0
1024.0
1024.0
1024.0
1024.0
1024.0
1024.0
1024.0
1024.0
1024.0
1024.0
1024.0
1024.0
1024.0
1024.0
1024.0
1024.0
1024.0
0.7399999999954616
8.609999999997626
11.369999999998981
551.95
1024.0
775.6
1024.0
1024.0
1024.0
1024.0
1024.0
1024.0
1024.0
1024.0
1024.0
1024.0
1024.0
1024.0
1024.0
1024.0
1024.0
1024.0
1024.0
1024.0
1024.0
0.399999999994634
0.3999999999972488
6.759999999998399
27.879999999998745
1024.0
564.04
1024.0
1024.0
1024.0
1024.0
1024.0
1024.0
1024.0
1024.0
1024.0
1024.0
1024.0
1024.0
1024.0
1024.0
1024.0
1024.0
1024.0
1024.0
1024.0
