4915.280000000001
5120.0
5120.0
5120.0
5120.0
5120.0
5120.0
5120.0
5120.0
5120.0
5120.0
5120.0
5120.0
5120.0
5120.0
5120.0
5120.0
5120.0
5120.0
5120.0
5120.0
5120.0
5120.0
5120.0
5120.0
5120.0
5120.0
5120.0
5120.0
5120.0
5120.0
5120.0
5120.0
5120.0
5120.0
5120.0
5120.0
5120.0
5120.0
5120.0
5120.0
5120.0
5120.0
5120.0
5120.0
5120.0
5120.0
5120.0
5120.0
5120.0
5120.0
5120.0
5120.0
5120.0
5120.0
5120.0
5120.0
5120.0
5120.0
5120.0
5120.0
5120.0
5120.0
5120.0
5120.0
5120.0
5120.0
5120.0
5120.0
5120.0
5120.0
5120.0
5120.0
5120.0
5120.0
5113.4
5120.0
5120.0
5120.0
5120.0
5120.0
5120.0
5120.0
5120.0
5120.0
5120.0
5120.0
5120.0
5120.0
5120.0
5120.0
5120.0
5120.0
5120.0
5120.0
5120.0
5120.0
5120.0
5120.0
5120.0
4823.939999999998
5120.0
5120.0
5120.0
5120.0
5120.0
5120.0
5120.0
5120.0
5120.0
5120.0
5120.0
5120.0
5120.0
5120.0
5120.0
5120.0
5120.0
5120.0
5120.0
5120.0
5120.0
5120.0
5120.0
5120.0
4827.779999999987
5120.0
5120.0
5120.0
5120.0
5120.0
5120.0
5120.0
5120.0
5120.0
5120.0
5120.0
5120.0
5120.0
5120.0
5120.0
5120.0
5120.0
5120.0
5120.0
5120.0
5120.0
5120.0
5120.0
5120.0
4767.299999999989
5120.0
5120.0
5120.0
5120.0
5120.0
5120.0
5120.0
5120.0
5120.0
5120.0
5120.0
5120.0
5120.0
5120.0
5120.0
5120.0
5120.0
5120.0
5120.0
5120.0
5120.0
5120.0
5120.0
5120.0
4977.4400000000005
5120.0
5120.0
5120.0
5120.0
5120.0
5120.0
5120.0
5120.0
5120.0
5120.0
5120.0
5120.0
5120.0
5120.0
5120.0
5120.0
5120.0
5120.0
5120.0
5120.0
5120.0
5120.0
5120.0
5120.0
5120.0
5120.0
5120.0
5120.0
5120.0
5120.0
5120.0
5120.0
5120.0
5120.0
5120.0
5120.0
5120.0
5120.0
5120.0
5120.0
5120.0
5120.0
5120.0
5120.0
5120.0
5120.0
5120.0
5120.0
5120.0
5120.0
5120.0
5120.0
5120.0
5120.0
5120.0
5120.0
5120.0
5120.0
5120.0
5120.0
5120.0
5120.0
5120.0
5120.0
5120.0
5120.0
5120.0
5120.0
5120.0
5120.0
5120.0
5120.0
5120.0
5120.0
