253.71999999999775
802.8399999999991
738.3999999999992
6.6499999999973625
231.87999999999852
1024.0
1024.0
1022.2
220.68999999999983
894.45
1024.0
1024.0
1024.0
1024.0
1023.4
1024.0
1024.0
1024.0
1024.0
1024.0
1024.0
1024.0
1024.0
1024.0
1024.0
184.71999999999878
45.7599999999976
120.63999999999805
86.79999999999791
191.67999999999756
958.72
826.96
1007.68
744.76
1023.4
1024.0
1024.0
1024.0
921.8799999999999
1023.4
1024.0
1024.0
1024.0
1024.0
1024.0
1024.0
1024.0
1024.0
1024.0
1024.0
1024.0
1024.0
1024.0
1024.0
1024.0
1024.0
1024.0
1024.0
1024.0
1024.0
1024.0
1024.0
1024.0
1024.0
1024.0
1024.0
1024.0
1024.0
1024.0
1024.0
1024.0
1024.0
1024.0
1024.0
1024.0
1024.0
1024.0
1024.0
1024.0
599.9300000000001
1024.0
1024.0
1024.0
1024.0
1024.0
1024.0
1024.0
1024.0
1024.0
1024.0
1024.0
1024.0
1024.0
1024.0
1024.0
1024.0
1024.0
1024.0
1024.0
1024.0
3.3999999999966803
10.049999999996317
901.5999999999998
983.1999999999999
648.5000000000007
824.56
676.4800000000004
1024.0
1024.0
1021.0
1024.0
1024.0
1024.0
1024.0
1024.0
1024.0
1024.0
1024.0
1024.0
1024.0
1024.0
1024.0
1024.0
1024.0
1024.0
980.8
13.26999999999748
984.4
984.4
985.0
1022.8
1024.0
1021.6
1021.6
1023.4
1024.0
1024.0
1024.0
1024.0
1024.0
1024.0
1024.0
1024.0
1024.0
1024.0
1024.0
1024.0
1024.0
1024.0
1024.0
990.4
4.789999999999395
2.0699999999981173
36.06999999999789
11.919999999996662
1024.0
925.89
828.9799999999999
842.3000000000001
840.28
1023.4
1023.4
1024.0
1024.0
1024.0
1024.0
1024.0
1024.0
1024.0
1024.0
1024.0
1024.0
1024.0
1024.0
1024.0
0.8099999999967622
579.4000000000015
771.039999999999
4.249999999998522
17.53999999999769
574.1699999999998
1007.68
1021.6
34.40999999999849
1023.4
1024.0
1024.0
1024.0
991.36
1024.0
1024.0
1024.0
1024.0
1024.0
1024.0
1024.0
1024.0
1024.0
1024.0
1024.0
19.749999999998295
2.0399999999984857
0.5299999999989495
1.4399999999978945
3.619999999998072
908.56
823.3599999999999
872.73
860.01
681.2800000000001
1024.0
1024.0
1024.0
1024.0
1024.0
1024.0
1024.0
1024.0
1024.0
1024.0
1024.0
1024.0
1024.0
1024.0
1024.0
168.9999999999984
0.39999999999736247
6.3999999999977035
317.48999999999853
270.5199999999986
1022.1999999999998
1023.4
924.88
1023.3999999999999
1007.0799999999998
1024.0
1024.0
1024.0
1024.0
1023.4
1024.0
1024.0
1024.0
1024.0
1024.0
1024.0
1024.0
1024.0
1024.0
1024.0
