948.0400000000001
1024.0
1024.0
1024.0
1024.0
1024.0
1024.0
1024.0
1024.0
1024.0
1024.0
1024.0
1024.0
1024.0
1024.0
1024.0
1024.0
1024.0
1024.0
1024.0
1024.0
1024.0
1024.0
1024.0
1024.0
1024.0
1024.0
1024.0
1024.0
1024.0
1024.0
1024.0
1024.0
1024.0
1024.0
1024.0
1024.0
1024.0
1024.0
1024.0
1024.0
1024.0
1024.0
1024.0
1024.0
1024.0
1024.0
1024.0
1024.0
1024.0
1024.0
1024.0
1024.0
1024.0
1024.0
1024.0
1024.0
1024.0
1024.0
1024.0
1024.0
1024.0
1024.0
1024.0
1024.0
1024.0
1024.0
1024.0
1024.0
1024.0
1024.0
1024.0
1024.0
1024.0
1024.0
1015.6
1024.0
1024.0
1024.0
1024.0
1024.0
1024.0
1024.0
1024.0
1024.0
1024.0
1024.0
1024.0
1024.0
1024.0
1024.0
1024.0
1024.0
1024.0
1024.0
1024.0
1024.0
1024.0
1024.0
1024.0
616.6300000000039
813.6700000000003
1024.0
1024.0
1024.0
912.9799999999999
1024.0
1024.0
1024.0
1024.0
1024.0
1024.0
1024.0
1024.0
1024.0
1024.0
1024.0
1024.0
1024.0
1024.0
1024.0
1024.0
1024.0
1024.0
1024.0
892.9600000000041
1007.0800000000003
912.9800000000004
1024.0
1024.0
1007.68
1024.0
1024.0
1024.0
1024.0
1024.0
1024.0
1024.0
1024.0
1024.0
1024.0
1024.0
1024.0
1024.0
1024.0
1024.0
1024.0
1024.0
1024.0
1024.0
888.64
925.8900000000006
960.3299999999998
1024.0
1024.0
990.7600000000002
1024.0
1024.0
1024.0
1024.0
1024.0
1024.0
1024.0
1024.0
1024.0
1024.0
1024.0
1024.0
1024.0
1024.0
1024.0
1024.0
1024.0
1024.0
1024.0
953.9199999999998
921.8799999999999
991.3599999999994
1024.0
1024.0
1023.4000000000001
1024.0
1024.0
1024.0
1024.0
1024.0
1024.0
1024.0
1024.0
1024.0
1024.0
1024.0
1024.0
1024.0
1024.0
1024.0
1024.0
1024.0
1024.0
1024.0
1024.0
1024.0
1024.0
1024.0
1024.0
1024.0
1024.0
1024.0
1024.0
1024.0
1024.0
1024.0
1024.0
1024.0
1024.0
1024.0
1024.0
1024.0
1024.0
1024.0
1024.0
1024.0
1024.0
1024.0
1024.0
1024.0
1024.0
1024.0
1024.0
1024.0
1024.0
1024.0
1024.0
1024.0
1024.0
1024.0
1024.0
1024.0
1024.0
1024.0
1024.0
1024.0
1024.0
1024.0
1024.0
1024.0
1024.0
1024.0
1024.0
1024.0
