684.0400000000004
1011.4
362.87999999999965
104.94999999999834
439.23999999999944
1023.4
1024.0
1024.0
1024.0
1023.4
1024.0
1024.0
1024.0
1024.0
1024.0
1024.0
1024.0
1024.0
1024.0
1024.0
1024.0
1024.0
1024.0
1024.0
1024.0
822.52
17.319999999997435
16.119999999997503
307.479999999999
277.64999999999884
1022.2
761.6799999999998
1024.0
1024.0
1024.0
1024.0
1024.0
1024.0
1024.0
1024.0
1024.0
1024.0
1024.0
1024.0
1024.0
1024.0
1024.0
1024.0
1024.0
1024.0
588.9999999999997
1024.0
1024.0
1024.0
1024.0
1024.0
1024.0
1024.0
1024.0
1024.0
1024.0
1024.0
1024.0
1024.0
1024.0
1024.0
1024.0
1024.0
1024.0
1024.0
1024.0
1024.0
1024.0
1024.0
1024.0
1024.0
1024.0
1024.0
1024.0
1012.0
1024.0
1024.0
1024.0
1024.0
1024.0
1024.0
1024.0
1024.0
1024.0
1024.0
1024.0
1024.0
1024.0
1024.0
1024.0
1024.0
1024.0
1024.0
1024.0
1024.0
490.0899999999998
160.40999999999985
963.9999999999999
948.28
5.009999999996808
1022.2
881.95
1024.0
1024.0
541.6600000000003
1024.0
1024.0
1024.0
1024.0
1024.0
1024.0
1024.0
1024.0
1024.0
1024.0
1024.0
1024.0
1024.0
1024.0
1024.0
7.439999999998122
964.5999999999999
963.3999999999999
294.4099999999994
11.919999999996435
374.1999999999998
1023.4
1022.8
1021.0
762.69
1024.0
1024.0
1024.0
1024.0
1024.0
1024.0
1024.0
1024.0
1024.0
1024.0
1024.0
1024.0
1024.0
1024.0
1024.0
0.0199999999974807
10.719999999997185
230.29999999999927
963.9999999999999
947.68
745.3600000000001
828.16
1024.0
1023.4
1023.4
1024.0
1024.0
1024.0
1024.0
1024.0
1024.0
1024.0
1024.0
1024.0
1024.0
1024.0
1024.0
1024.0
1024.0
1024.0
483.01999999999964
13.529999999997358
0.39999999999736247
0.39999999999736247
32.43999999999755
1023.4
729.64
668.5900000000001
775.5999999999999
1006.48
1024.0
1024.0
1024.0
1024.0
1024.0
1024.0
1024.0
1024.0
1024.0
1024.0
1024.0
1024.0
1024.0
1024.0
1024.0
502.39999999999975
835.84
0.39999999999736247
30.03999999999735
0.39999999999736247
1023.4
1022.8
793.1200000000001
810.6400000000001
777.4000000000001
1024.0
1024.0
1024.0
1024.0
1024.0
1024.0
1024.0
1024.0
1024.0
1024.0
1024.0
1024.0
1024.0
1024.0
1024.0
227.67999999999836
332.25999999999976
292.9599999999991
17.319999999997435
16.719999999997526
1022.8
1023.4
1023.4
793.1200000000001
1007.08
1024.0
1024.0
1024.0
1024.0
1024.0
1024.0
1024.0
1024.0
1024.0
1024.0
1024.0
1024.0
1024.0
1024.0
1024.0
