2.047666666666667E-4
2.1783333333333336E-4
1.8740000000000003E-4
1.6126666666666667E-4
3.148416666666667E-4
5.892416666666665E-4
0.0031281222222222247
0.006375363888888935
0.005755886111111146
0.005472972222222237
0.005132961111111125
0.005648627777777793
0.0059663916666666894
0.006206250000000029
0.006709208333333364
0.007010872222222258
0.007317336111111138
0.006773911111111132
0.005361136111111115
0.004931641666666669
0.004203572222222224
0.0034754222222222234
0.002328058333333335
0.0021194305555555567
