6.497500000000001E-5
8.609166666666665E-5
2.5416666666666667E-5
3.2336111111111106E-5
7.189444444444445E-5
1.7105277777777774E-4
7.113083333333333E-4
0.002180044444444445
0.003917311111111118
0.002624352777777787
0.0022426888888888996
0.0020918694444444527
0.0022472916666666748
0.0023360833333333397
0.004580275000000006
0.004840650000000003
0.004452102777777786
0.004402319444444452
0.003938338888888888
0.003320202777777775
0.002742811111111112
0.001966991666666671
0.0015712666666666728
0.0010192916666666662
