1.3758611111111112E-4
1.0458888888888888E-4
7.194999999999996E-5
4.796666666666665E-5
7.194999999999996E-5
3.137666666666665E-4
0.0012523361111111096
0.004514047222222257
0.008455477777777876
0.0038216916666666714
0.003375108333333338
0.003689425000000007
0.0040583250000000085
0.005087780555555582
0.007734358333333412
0.008071280555555638
0.0076505277777778515
0.005871008333333377
0.003258941666666672
0.002631655555555564
0.002586308333333342
0.0016866611111111167
0.0012961750000000008
8.354194444444441E-4
