2.174194444444444E-4
6.795277777777775E-5
1.2708333333333333E-5
3.2694444444444446E-5
6.318333333333334E-5
2.8429722222222216E-4
0.001203486111111111
0.001583333333333331
0.00457064444444445
0.0031794361111111193
0.0031453999999999987
0.0024236944444444557
0.0021238472222222305
0.002228627777777783
0.004019841666666677
0.005827927777777786
0.004036200000000004
0.004194877777777786
0.004009572222222214
0.003640697222222217
0.0025502277777777844
0.001990975000000009
0.001635222222222227
0.0012631222222222206
