4969.570000000001
5120.0
5120.0
5120.0
5120.0
5120.0
5120.0
5120.0
5120.0
5120.0
5120.0
5120.0
5120.0
5120.0
5120.0
5120.0
5120.0
5120.0
5120.0
5120.0
5120.0
5120.0
5120.0
5120.0
5120.0
5120.0
5120.0
5120.0
5120.0
5120.0
5120.0
5120.0
5120.0
5120.0
5120.0
5120.0
5120.0
5120.0
5120.0
5120.0
5120.0
5120.0
5120.0
5120.0
5120.0
5120.0
5120.0
5120.0
5120.0
5120.0
5120.0
5120.0
5120.0
5120.0
5120.0
5120.0
5120.0
5120.0
5120.0
5120.0
5120.0
5120.0
5120.0
5120.0
5120.0
5120.0
5120.0
5120.0
5120.0
5120.0
5120.0
5120.0
5120.0
5120.0
5120.0
5108.0
5120.0
5120.0
5120.0
5120.0
5120.0
5120.0
5120.0
5120.0
5120.0
5120.0
5120.0
5120.0
5120.0
5120.0
5120.0
5120.0
5120.0
5120.0
5120.0
5120.0
5120.0
5120.0
5120.0
5120.0
4344.3999999999905
5120.0
5120.0
5120.0
5120.0
5120.0
5120.0
5120.0
5120.0
5120.0
5120.0
5120.0
5120.0
5120.0
5120.0
5120.0
5120.0
5120.0
5120.0
5120.0
5120.0
5120.0
5120.0
5120.0
5120.0
4902.679999999995
5120.0
5120.0
5120.0
5120.0
5120.0
5120.0
5120.0
5120.0
5120.0
5120.0
5120.0
5120.0
5120.0
5120.0
5120.0
5120.0
5120.0
5120.0
5120.0
5120.0
5120.0
5120.0
5120.0
5120.0
5120.0
5120.0
5120.0
5120.0
5120.0
5120.0
5120.0
5120.0
5120.0
5120.0
5120.0
5120.0
5120.0
5120.0
5120.0
5120.0
5120.0
5120.0
5120.0
5120.0
5120.0
5120.0
5120.0
5120.0
5120.0
5120.0
5120.0
5120.0
5120.0
5120.0
5120.0
5120.0
5120.0
5120.0
5120.0
5120.0
5120.0
5120.0
5120.0
5120.0
5120.0
5120.0
5120.0
5120.0
5120.0
5120.0
5120.0
5120.0
5120.0
5120.0
5120.0
5120.0
5120.0
5120.0
5120.0
5120.0
5120.0
5120.0
5120.0
5120.0
5120.0
5120.0
5120.0
5120.0
5120.0
5120.0
5120.0
5120.0
5120.0
5120.0
5120.0
5120.0
5120.0
5120.0
5120.0
5120.0
5120.0
5120.0
5120.0
5120.0
5120.0
5120.0
5120.0
5120.0
5120.0
5120.0
5120.0
5120.0
5120.0
5120.0
5120.0
5120.0
5120.0
5120.0
5120.0
5120.0
5120.0
5120.0
5120.0
5120.0
