5108.0
5108.0
4993.57
5120.0
5120.0
5120.0
5120.0
5120.0
5120.0
5120.0
5120.0
5120.0
5120.0
5120.0
5120.0
5120.0
5120.0
5120.0
5120.0
5120.0
5120.0
5120.0
5120.0
5120.0
5120.0
5120.0
5120.0
5120.0
5120.0
5120.0
5120.0
5120.0
5120.0
5120.0
5120.0
5120.0
5120.0
5120.0
5120.0
5120.0
5120.0
5120.0
5120.0
5120.0
5120.0
5120.0
5120.0
5120.0
5120.0
5120.0
5120.0
5120.0
5120.0
5120.0
5120.0
5120.0
5120.0
5120.0
5120.0
5120.0
5120.0
5120.0
5120.0
5120.0
5120.0
5120.0
5120.0
5120.0
5120.0
5120.0
5120.0
5120.0
5120.0
5120.0
5120.0
5120.0
5120.0
5120.0
5120.0
5108.0
5120.0
5120.0
5120.0
5120.0
5120.0
5120.0
5120.0
5120.0
5120.0
5120.0
5120.0
5120.0
5120.0
5120.0
5120.0
5120.0
5120.0
5120.0
5120.0
5120.0
5060.0
5028.5599999999995
4693.360000000001
4947.92
5080.160000000001
5120.0
5120.0
5120.0
5120.0
5120.0
5120.0
5120.0
5120.0
5120.0
5120.0
5120.0
5120.0
5120.0
5120.0
5120.0
5120.0
5120.0
5120.0
5120.0
5120.0
4996.880000000001
5077.16
5066.240000000001
5120.0
5120.0
5120.0
5120.0
5120.0
5120.0
5120.0
5120.0
5120.0
5120.0
5120.0
5120.0
5120.0
5120.0
5120.0
5120.0
5120.0
5120.0
5120.0
5120.0
5120.0
5120.0
5120.0
5120.0
5120.0
5120.0
5120.0
5120.0
5120.0
5120.0
5120.0
5120.0
5120.0
5120.0
5120.0
5120.0
5120.0
5120.0
5120.0
5120.0
5120.0
5120.0
5120.0
5120.0
5120.0
5120.0
5120.0
5120.0
5120.0
5120.0
5120.0
5120.0
5120.0
5120.0
5120.0
5120.0
5120.0
5120.0
5120.0
5120.0
5120.0
5120.0
5120.0
5120.0
5120.0
5120.0
5120.0
5120.0
5120.0
5120.0
5120.0
5120.0
5120.0
5120.0
5120.0
5120.0
5120.0
5120.0
5120.0
5120.0
5120.0
5120.0
5120.0
5120.0
5120.0
5120.0
5120.0
5120.0
5120.0
5120.0
5120.0
5120.0
5120.0
5120.0
5120.0
5120.0
5120.0
5120.0
5120.0
5120.0
5120.0
5120.0
5120.0
5120.0
5120.0
5120.0
5120.0
5120.0
5120.0
5120.0
5120.0
5120.0
5120.0
5120.0
5120.0
5120.0
5120.0
5120.0
5120.0
5120.0
5120.0
5120.0
