5115.2
5112.2
5063.24
4984.64
5120.0
5120.0
5120.0
5120.0
5120.0
5120.0
5120.0
5120.0
5120.0
5120.0
5120.0
5120.0
5120.0
5120.0
5120.0
5120.0
5120.0
5120.0
5120.0
5120.0
5120.0
5120.0
5120.0
5120.0
5120.0
5120.0
5120.0
5120.0
5120.0
5120.0
5120.0
5120.0
5120.0
5120.0
5120.0
5120.0
5120.0
5120.0
5120.0
5120.0
5120.0
5120.0
5120.0
5120.0
5120.0
5120.0
5120.0
5120.0
5120.0
5120.0
5120.0
5120.0
5120.0
5120.0
5120.0
5120.0
5120.0
5120.0
5120.0
5120.0
5120.0
5120.0
5120.0
5120.0
5120.0
5120.0
5120.0
5120.0
5120.0
5120.0
5120.0
5120.0
5120.0
5120.0
5120.0
5113.4
5120.0
5120.0
5120.0
5120.0
5120.0
5120.0
5120.0
5120.0
5120.0
5120.0
5120.0
5120.0
5120.0
5120.0
5120.0
5120.0
5120.0
5120.0
5120.0
5120.0
5094.2
5034.73
5046.13
5109.8
5014.28
5120.0
5120.0
5120.0
5120.0
5120.0
5120.0
5120.0
5120.0
5120.0
5120.0
5120.0
5120.0
5120.0
5120.0
5120.0
5120.0
5120.0
5120.0
5120.0
5120.0
5083.76
4998.97
5100.680000000005
5086.160000000001
5003.17
5120.0
5120.0
5120.0
5120.0
5120.0
5120.0
5120.0
5120.0
5120.0
5120.0
5120.0
5120.0
5120.0
5120.0
5120.0
5120.0
5120.0
5120.0
5120.0
5120.0
5038.810000000001
5049.92
5037.01
5081.960000000001
5033.6
5120.0
5120.0
5120.0
5120.0
5120.0
5120.0
5120.0
5120.0
5120.0
5120.0
5120.0
5120.0
5120.0
5120.0
5120.0
5120.0
5120.0
5120.0
5120.0
5120.0
5065.04
5066.84
5085.5599999999995
5120.0
5120.0
5120.0
5120.0
5120.0
5120.0
5120.0
5120.0
5120.0
5120.0
5120.0
5120.0
5120.0
5120.0
5120.0
5120.0
5120.0
5120.0
5120.0
5120.0
5120.0
5120.0
5120.0
5120.0
5120.0
5120.0
5120.0
5120.0
5120.0
5120.0
5120.0
5120.0
5120.0
5120.0
5120.0
5120.0
5120.0
5120.0
5120.0
5120.0
5120.0
5120.0
5120.0
5120.0
5120.0
5120.0
5120.0
5120.0
5120.0
5120.0
5120.0
5120.0
5120.0
5120.0
5120.0
5120.0
5120.0
5120.0
5120.0
5120.0
5120.0
5120.0
5120.0
5120.0
5120.0
5120.0
5120.0
5120.0
5120.0
5120.0
5120.0
5120.0
