1524.7299999999984
2048.0
2048.0
2048.0
2048.0
2048.0
2048.0
2048.0
2048.0
2048.0
2048.0
2048.0
2048.0
2048.0
2048.0
2048.0
2048.0
2048.0
2048.0
2048.0
2048.0
2048.0
2048.0
2048.0
2048.0
2048.0
2048.0
2048.0
2048.0
2048.0
2048.0
2048.0
2048.0
2048.0
2048.0
2048.0
2048.0
2048.0
2048.0
2048.0
2048.0
2048.0
2048.0
2048.0
2048.0
2048.0
2048.0
2048.0
2048.0
2048.0
2048.0
2048.0
2048.0
2048.0
2048.0
2048.0
2048.0
2048.0
2048.0
2048.0
2048.0
2048.0
2048.0
2048.0
2048.0
2048.0
2048.0
2048.0
2048.0
2048.0
2048.0
2048.0
2048.0
2048.0
2048.0
2036.0
2048.0
2048.0
2048.0
2048.0
2048.0
2048.0
2048.0
2048.0
2048.0
2048.0
2048.0
2048.0
2048.0
2048.0
2048.0
2048.0
2048.0
2048.0
2048.0
2048.0
2048.0
2048.0
2048.0
2048.0
589.899999999999
2048.0
2048.0
2048.0
2048.0
2048.0
2048.0
2048.0
2048.0
2048.0
2048.0
2048.0
2048.0
2048.0
2048.0
2048.0
2048.0
2048.0
2048.0
2048.0
2048.0
2048.0
2048.0
2048.0
2048.0
682.3599999999958
1983.730000000001
2048.0
2048.0
2048.0
2048.0
2048.0
2048.0
2048.0
2048.0
2048.0
2048.0
2048.0
2048.0
2048.0
2048.0
2048.0
2048.0
2048.0
2048.0
2048.0
2048.0
2048.0
2048.0
2048.0
1313.6499999999937
1965.7999999999981
2048.0
2048.0
2048.0
2048.0
2048.0
2048.0
2048.0
2048.0
2048.0
2048.0
2048.0
2048.0
2048.0
2048.0
2048.0
2048.0
2048.0
2048.0
2048.0
2048.0
2048.0
2048.0
2048.0
1384.519999999996
1999.039999999999
2048.0
2048.0
2048.0
2048.0
2048.0
2048.0
2048.0
2048.0
2048.0
2048.0
2048.0
2048.0
2048.0
2048.0
2048.0
2048.0
2048.0
2048.0
2048.0
2048.0
2048.0
2048.0
2048.0
2048.0
2048.0
2048.0
2048.0
2048.0
2048.0
2048.0
2048.0
2048.0
2048.0
2048.0
2048.0
2048.0
2048.0
2048.0
2048.0
2048.0
2048.0
2048.0
2048.0
2048.0
2048.0
2048.0
2048.0
2048.0
2048.0
2048.0
2048.0
2048.0
2048.0
2048.0
2048.0
2048.0
2048.0
2048.0
2048.0
2048.0
2048.0
2048.0
2048.0
2048.0
2048.0
2048.0
2048.0
2048.0
2048.0
2048.0
2048.0
2048.0
2048.0
