551.6799999999996
1012.0
3.39999999999975
104.34999999999809
19.719999999997754
1022.8
1024.0
455.1999999999998
1023.4
1024.0
1024.0
1024.0
1024.0
1024.0
1024.0
1024.0
1024.0
1024.0
1024.0
1024.0
1024.0
1024.0
1024.0
1024.0
1024.0
807.21
3.39999999999759
13.719999999997526
228.49999999999898
489.8099999999995
1022.2
826.96
991.36
1022.2
1023.4
1024.0
1024.0
1024.0
1024.0
1024.0
1024.0
1024.0
1024.0
1024.0
1024.0
1024.0
1024.0
1024.0
1024.0
1024.0
793.2400000000002
1024.0
1024.0
1024.0
1024.0
1024.0
1024.0
1024.0
1024.0
1024.0
1024.0
1024.0
1024.0
1024.0
1024.0
1024.0
1024.0
1024.0
1024.0
1024.0
1024.0
1024.0
1024.0
1024.0
1024.0
1024.0
1024.0
1024.0
1024.0
1012.0
1024.0
1024.0
1024.0
1024.0
1024.0
1024.0
1024.0
1024.0
1024.0
1024.0
1024.0
1024.0
1024.0
1024.0
1024.0
1024.0
1024.0
1024.0
1024.0
1024.0
950.0799999999999
805.0
964.5999999999999
854.56
0.39999999999668034
1022.8
1022.2
1023.4
1024.0
459.87000000000023
1024.0
1024.0
1024.0
1024.0
1024.0
1024.0
1024.0
1024.0
1024.0
1024.0
1024.0
1024.0
1024.0
1024.0
1024.0
75.30999999999835
963.9999999999999
963.9999999999999
9.649999999996794
12.139999999996917
959.13
1022.8
1022.8
909.98
584.78
1024.0
1024.0
1024.0
1024.0
1024.0
1024.0
1024.0
1024.0
1024.0
1024.0
1024.0
1024.0
1024.0
1024.0
1024.0
0.20999999999708052
0.39999999999736247
947.08
963.9999999999999
490.8499999999998
630.74
635.3499999999998
1024.0
1022.8
1021.0
1024.0
1024.0
1024.0
1024.0
1024.0
1024.0
1024.0
1024.0
1024.0
1024.0
1024.0
1024.0
1024.0
1024.0
1024.0
2.8299999999976535
1.629999999997608
0.39999999999736247
0.39999999999758984
931.3599999999999
875.13
666.5699999999998
808.8400000000001
875.9200000000001
1023.4
1024.0
1024.0
1024.0
1024.0
1024.0
1024.0
1024.0
1024.0
1024.0
1024.0
1024.0
1024.0
1024.0
1024.0
1024.0
200.90999999999963
47.559999999998126
0.39999999999736247
0.39999999999736247
694.9599999999997
1024.0
1024.0
824.5600000000001
778.0000000000001
1023.4
1024.0
1024.0
1024.0
1024.0
1024.0
1024.0
1024.0
1024.0
1024.0
1024.0
1024.0
1024.0
1024.0
1024.0
1024.0
821.1299999999998
411.9999999999998
4.409999999997581
0.9999999999974989
13.719999999997412
1023.4
1024.0
860.8000000000001
810.6400000000001
1024.0
1024.0
1024.0
1024.0
1024.0
1024.0
1024.0
1024.0
1024.0
1024.0
1024.0
1024.0
1024.0
1024.0
1024.0
1024.0
